Temps (s)	Extensiometre (mm)	No image	Deplacement DDS (mm)	Force DDS (N)
42,101	12,212	1,000	0,001	-2,031
43,101	12,212	2,000	0,001	-2,450
44,101	12,213	3,000	0,001	-1,116
45,101	12,213	4,000	0,001	-0,839
46,100	12,213	5,000	0,001	-2,907
47,101	12,230	6,000	0,007	-2,336
48,100	12,423	7,000	0,028	-1,048
49,100	12,542	8,000	0,047	0,986
50,101	12,552	9,000	0,068	1,153
51,100	12,465	10,000	0,093	1,987
52,100	12,335	11,000	0,114	1,069
53,101	12,218	12,000	0,133	3,308
54,100	12,119	13,000	0,153	3,051
55,100	12,036	14,000	0,176	4,664
56,101	11,963	15,000	0,199	6,079
57,100	11,905	16,000	0,220	5,064
58,100	11,856	17,000	0,240	6,633
59,100	11,815	18,000	0,260	6,107
60,100	11,779	19,000	0,283	9,072
61,100	11,747	20,000	0,305	8,721
62,100	11,720	21,000	0,326	10,369
63,100	11,697	22,000	0,345	11,650
64,100	11,677	23,000	0,367	10,825
65,100	11,659	24,000	0,390	11,183
66,100	11,644	25,000	0,411	13,770
67,100	11,631	26,000	0,432	11,406
68,100	11,620	27,000	0,451	13,886
69,100	11,611	28,000	0,473	13,017
70,099	11,603	29,000	0,498	15,717
71,100	11,596	30,000	0,518	14,254
72,100	11,591	31,000	0,537	17,529
73,099	11,587	32,000	0,557	16,426
74,099	11,585	33,000	0,580	16,664
75,100	11,583	34,000	0,603	17,154
76,099	11,583	35,000	0,623	18,184
77,099	11,583	36,000	0,642	15,672
78,100	11,585	37,000	0,664	18,298
79,099	11,587	38,000	0,687	19,732
80,099	11,591	39,000	0,709	19,017
81,100	11,595	40,000	0,730	16,168
82,099	11,599	41,000	0,748	18,867
83,099	11,604	42,000	0,769	18,550
84,099	11,610	43,000	0,793	16,817
85,099	11,617	44,000	0,816	21,289
86,099	11,624	45,000	0,835	18,256
87,099	11,631	46,000	0,855	17,947
88,099	11,639	47,000	0,876	18,949
89,099	11,648	48,000	0,900	18,226
90,099	11,656	49,000	0,921	18,900
91,099	11,665	50,000	0,939	20,060
92,099	11,674	51,000	0,961	19,284
93,099	11,683	52,000	0,983	20,372
94,099	11,692	53,000	1,005	19,100
95,098	11,702	54,000	1,026	18,203
96,099	11,711	55,000	1,044	20,127
97,099	11,720	56,000	1,066	21,088
98,098	11,730	57,000	1,088	22,861
99,099	11,740	58,000	1,110	21,359
100,099	11,749	59,000	1,129	21,747
101,098	11,758	60,000	1,149	19,807
102,099	11,768	61,000	1,170	22,984
103,100	11,778	62,000	1,193	21,956
104,098	11,788	63,000	1,215	20,403
105,098	11,797	64,000	1,235	20,102
106,098	11,806	65,000	1,254	18,449
107,098	11,816	66,000	1,277	21,200
108,098	11,826	67,000	1,300	19,765
109,098	11,835	68,000	1,321	19,378
110,098	11,844	69,000	1,341	18,703
111,098	11,853	70,000	1,362	18,966
112,098	11,863	71,000	1,384	21,477
113,098	11,872	72,000	1,406	21,830
114,097	11,881	73,000	1,427	22,404
115,098	11,890	74,000	1,444	18,108
116,098	11,899	75,000	1,466	18,192
117,098	11,908	76,000	1,490	20,681
118,098	11,917	77,000	1,512	20,767
119,098	11,925	78,000	1,532	18,820
120,097	11,934	79,000	1,550	21,108
121,098	11,942	80,000	1,572	18,266
122,098	11,951	81,000	1,595	21,282
123,097	11,960	82,000	1,616	21,286
124,098	11,968	83,000	1,636	20,110
125,098	11,976	84,000	1,655	18,337
126,097	11,984	85,000	1,677	20,675
127,098	11,993	86,000	1,700	20,751
128,098	12,001	87,000	1,721	21,395
129,097	12,009	88,000	1,740	20,756
130,098	12,017	89,000	1,760	19,916
131,097	12,025	90,000	1,782	21,197
132,097	12,034	91,000	1,804	19,569
133,097	12,041	92,000	1,825	20,593
134,097	12,049	93,000	1,842	22,311
135,097	12,056	94,000	1,865	20,696
136,097	12,064	95,000	1,888	18,277
137,097	12,071	96,000	1,909	20,528
138,097	12,078	97,000	1,929	18,510
139,097	12,084	98,000	1,948	19,490
140,097	12,091	99,000	1,970	19,145
141,097	12,092	100,000	1,991	18,289
142,096	12,091	101,000	2,014	18,252
143,097	12,083	102,000	2,032	17,349
144,097	12,065	103,000	2,052	14,978
145,096	12,036	104,000	2,074	13,308
146,097	12,011	105,000	2,096	10,649
147,097	11,984	106,000	2,117	10,395
148,096	11,937	107,000	2,136	4,523
149,097	11,919	108,000	2,157	6,469
150,097	11,908	109,000	2,179	4,503
151,096	11,902	110,000	2,201	4,975
152,097	11,898	111,000	2,220	4,196
153,096	11,895	112,000	2,239	7,169
154,096	11,891	113,000	2,260	4,391
155,097	11,888	114,000	2,284	2,170
156,096	11,886	115,000	2,305	4,323
157,096	11,886	116,000	2,323	3,254
158,097	11,885	117,000	2,342	3,273
159,096	11,884	118,000	2,364	3,786
160,096	11,883	119,000	2,387	3,227
161,097	11,883	120,000	2,409	3,781
162,096	11,882	121,000	2,426	1,134
163,096	11,882	122,000	2,446	4,151
164,097	11,882	123,000	2,467	3,303
165,096	11,881	124,000	2,491	3,589
166,096	11,880	125,000	2,511	4,316
167,095	11,880	126,000	2,530	3,258
168,096	11,880	127,000	2,550	3,859
169,096	11,879	128,000	2,572	3,028
170,095	11,879	129,000	2,594	3,772
171,096	11,879	130,000	2,613	2,567
172,096	11,879	131,000	2,633	3,033
173,095	11,878	132,000	2,653	6,079
174,096	11,878	133,000	2,677	3,808
175,096	11,877	134,000	2,697	4,042
176,095	11,877	135,000	2,716	2,777
177,098	11,877	136,000	2,735	2,710
178,096	11,878	137,000	2,757	2,417
179,095	11,878	138,000	2,781	3,700
180,096	11,878	139,000	2,801	4,086
181,095	11,878	140,000	2,820	2,324
182,095	11,880	141,000	2,824	1,682
183,096	11,883	142,000	2,823	1,701
184,095	11,887	143,000	2,824	2,752
185,095	11,890	144,000	2,824	1,728
186,096	11,893	145,000	2,823	1,685
