Temps (s)	Extensiometre (mm)	No image	Deplacement DDS (mm)	Force DDS (N)
5,082	12,134	1,000	0,001	0,352
6,083	12,135	2,000	0,001	0,404
7,083	12,136	3,000	0,001	0,220
8,082	12,136	4,000	0,001	0,257
9,082	12,137	5,000	0,001	0,218
10,083	12,138	6,000	0,001	0,243
11,082	12,139	7,000	0,001	0,396
12,082	12,139	8,000	0,001	0,576
13,082	12,140	9,000	0,001	0,034
14,082	12,141	10,000	0,001	-0,076
15,082	12,142	11,000	0,001	0,291
16,082	12,143	12,000	0,001	0,492
17,082	12,143	13,000	0,001	-0,324
18,082	12,144	14,000	0,001	-0,145
19,082	12,145	15,000	0,001	0,459
20,082	12,146	16,000	0,001	0,585
21,081	12,146	17,000	0,002	0,552
22,082	12,161	18,000	0,024	2,163
23,082	12,175	19,000	0,042	0,679
24,081	12,188	20,000	0,062	2,689
25,082	12,203	21,000	0,085	3,280
26,082	12,216	22,000	0,108	3,714
27,081	12,228	23,000	0,127	4,343
28,082	12,238	24,000	0,147	5,451
29,082	12,247	25,000	0,169	5,385
30,081	12,257	26,000	0,193	6,653
31,100	12,267	27,000	0,215	7,728
32,081	12,275	28,000	0,232	8,498
33,081	12,281	29,000	0,254	9,017
34,081	12,288	30,000	0,276	9,000
35,081	12,295	31,000	0,301	9,533
36,081	12,302	32,000	0,320	11,823
37,081	12,307	33,000	0,339	11,932
38,081	12,312	34,000	0,359	11,445
39,081	12,318	35,000	0,383	12,630
40,081	12,324	36,000	0,406	12,578
41,081	12,329	37,000	0,426	13,522
42,081	12,333	38,000	0,445	13,483
43,081	12,338	39,000	0,466	13,774
44,081	12,343	40,000	0,490	14,631
45,081	12,348	41,000	0,512	13,645
46,080	12,353	42,000	0,530	15,914
47,081	12,357	43,000	0,551	16,849
48,081	12,362	44,000	0,572	15,843
49,080	12,367	45,000	0,596	17,021
50,081	12,373	46,000	0,618	17,282
51,081	12,377	47,000	0,637	16,915
52,080	12,382	48,000	0,657	17,271
53,081	12,387	49,000	0,679	17,517
54,081	12,393	50,000	0,703	16,950
55,080	12,398	51,000	0,723	18,798
56,081	12,403	52,000	0,743	17,682
57,080	12,408	53,000	0,763	18,324
58,080	12,414	54,000	0,786	16,815
59,080	12,420	55,000	0,808	18,293
60,080	12,426	56,000	0,829	18,089
61,080	12,431	57,000	0,848	17,782
62,080	12,436	58,000	0,870	17,670
63,080	12,443	59,000	0,893	18,549
64,080	12,449	60,000	0,915	18,054
65,080	12,455	61,000	0,934	18,526
66,080	12,460	62,000	0,954	18,510
67,080	12,466	63,000	0,976	18,652
68,080	12,473	64,000	0,998	18,414
69,080	12,480	65,000	1,020	19,017
70,080	12,486	66,000	1,040	17,824
71,080	12,492	67,000	1,059	18,524
72,080	12,498	68,000	1,081	17,606
73,080	12,506	69,000	1,103	18,090
74,079	12,512	70,000	1,124	18,156
75,080	12,518	71,000	1,143	18,857
76,080	12,524	72,000	1,164	19,595
77,079	12,532	73,000	1,188	18,838
78,080	12,539	74,000	1,210	17,816
79,080	12,546	75,000	1,229	19,512
80,079	12,552	76,000	1,248	19,165
81,080	12,559	77,000	1,271	18,938
82,079	12,567	78,000	1,294	18,759
83,079	12,574	79,000	1,316	20,040
84,079	12,581	80,000	1,334	18,936
85,079	12,588	81,000	1,355	18,410
86,079	12,595	82,000	1,377	20,061
87,079	12,603	83,000	1,400	18,672
88,079	12,611	84,000	1,420	18,277
89,079	12,618	85,000	1,439	19,881
90,079	12,625	86,000	1,461	18,797
91,079	12,633	87,000	1,483	19,243
92,079	12,641	88,000	1,505	18,279
93,079	12,649	89,000	1,525	18,769
94,079	12,656	90,000	1,545	20,084
95,079	12,664	91,000	1,567	19,784
96,078	12,672	92,000	1,589	18,834
97,079	12,680	93,000	1,611	18,766
98,079	12,688	94,000	1,630	18,638
99,078	12,695	95,000	1,650	18,382
100,079	12,703	96,000	1,672	18,852
101,079	12,711	97,000	1,694	20,248
102,078	12,719	98,000	1,716	18,881
103,079	12,727	99,000	1,735	19,763
104,079	12,735	100,000	1,755	18,235
105,078	12,743	101,000	1,777	19,675
106,079	12,752	102,000	1,799	18,573
107,079	12,760	103,000	1,820	18,424
108,078	12,768	104,000	1,837	18,487
109,078	12,776	105,000	1,860	18,453
110,078	12,784	106,000	1,882	18,512
111,078	12,793	107,000	1,904	19,803
112,078	12,802	108,000	1,925	18,476
113,078	12,810	109,000	1,943	19,364
114,078	12,818	110,000	1,965	17,942
115,078	12,827	111,000	1,987	18,665
116,078	12,836	112,000	2,009	18,062
117,078	12,845	113,000	2,028	19,621
118,078	12,853	114,000	2,048	18,644
119,078	12,863	115,000	2,069	17,303
120,078	12,872	116,000	2,091	18,035
121,077	12,881	117,000	2,113	19,430
122,078	12,890	118,000	2,131	18,786
123,078	12,899	119,000	2,152	17,331
124,077	12,908	120,000	2,175	17,875
125,078	12,918	121,000	2,196	18,168
126,078	12,928	122,000	2,215	19,245
127,077	12,937	123,000	2,235	19,177
128,078	12,947	124,000	2,254	18,703
129,077	12,956	125,000	2,279	18,090
130,077	12,966	126,000	2,301	17,845
131,078	12,976	127,000	2,320	18,615
132,077	12,985	128,000	2,338	18,310
133,077	12,995	129,000	2,359	18,959
134,077	13,005	130,000	2,383	17,626
135,077	13,016	131,000	2,403	17,482
136,077	13,026	132,000	2,422	19,982
137,077	13,035	133,000	2,442	18,100
138,077	13,046	134,000	2,463	16,771
139,077	13,056	135,000	2,486	18,015
140,077	13,067	136,000	2,507	18,262
141,077	13,077	137,000	2,526	17,980
142,077	13,087	138,000	2,546	18,835
143,076	13,098	139,000	2,569	17,773
144,077	13,108	140,000	2,591	17,342
145,077	13,119	141,000	2,611	17,457
146,076	13,129	142,000	2,629	19,445
147,077	13,139	143,000	2,650	17,946
148,077	13,150	144,000	2,672	17,615
149,076	13,161	145,000	2,694	17,980
150,077	13,171	146,000	2,713	18,566
151,077	13,181	147,000	2,732	19,107
152,076	13,191	148,000	2,753	18,693
153,077	13,202	149,000	2,777	18,332
154,076	13,213	150,000	2,797	17,635
155,076	13,223	151,000	2,817	19,024
156,077	13,233	152,000	2,836	19,456
157,077	13,243	153,000	2,858	18,484
158,076	13,254	154,000	2,881	18,447
159,076	13,265	155,000	2,901	18,766
160,076	13,274	156,000	2,921	19,147
161,076	13,283	157,000	2,941	19,072
162,076	13,293	158,000	2,962	18,987
163,076	13,303	159,000	2,984	20,116
164,076	13,313	160,000	3,005	18,687
165,076	13,321	161,000	3,024	19,172
166,076	13,329	162,000	3,043	17,965
167,076	13,338	163,000	3,066	18,903
168,075	13,346	164,000	3,088	18,430
169,076	13,353	165,000	3,106	19,113
170,076	13,357	166,000	3,126	18,439
171,075	13,361	167,000	3,148	19,291
172,076	13,362	168,000	3,171	18,287
173,075	13,359	169,000	3,192	18,356
174,075	13,349	170,000	3,209	18,001
175,076	13,334	171,000	3,230	17,875
176,075	13,305	172,000	3,252	16,606
177,075	13,274	173,000	3,275	13,978
178,076	13,247	174,000	3,294	13,438
179,075	13,218	175,000	3,314	10,709
180,075	13,175	176,000	3,334	11,960
181,076	13,130	177,000	3,357	8,518
182,075	13,088	178,000	3,378	6,714
183,075	13,062	179,000	3,398	5,482
184,076	13,040	180,000	3,416	5,821
185,075	13,022	181,000	3,438	6,191
186,075	13,007	182,000	3,460	5,138
187,075	12,993	183,000	3,482	5,105
188,075	12,983	184,000	3,501	6,049
189,075	12,974	185,000	3,520	5,188
190,075	12,966	186,000	3,542	4,595
191,075	12,960	187,000	3,564	3,967
192,075	12,955	188,000	3,586	6,269
193,075	12,950	189,000	3,603	5,073
194,075	12,945	190,000	3,623	3,981
195,074	12,941	191,000	3,645	4,535
196,075	12,937	192,000	3,667	6,484
197,075	12,934	193,000	3,689	3,947
198,075	12,930	194,000	3,707	5,398
199,074	12,926	195,000	3,728	5,035
200,075	12,923	196,000	3,749	3,935
201,074	12,920	197,000	3,772	5,444
202,074	12,918	198,000	3,792	4,458
203,075	12,915	199,000	3,811	3,559
204,074	12,912	200,000	3,832	3,658
205,074	12,909	201,000	3,855	4,400
206,074	12,907	202,000	3,877	5,176
207,074	12,903	203,000	3,894	3,098
208,074	12,900	204,000	3,915	3,701
209,074	12,898	205,000	3,936	3,837
210,074	12,896	206,000	3,959	4,781
211,074	12,894	207,000	3,980	4,065
212,074	12,892	208,000	3,999	3,711
213,074	12,890	209,000	4,018	3,543
214,074	12,889	210,000	4,042	3,823
215,074	12,886	211,000	4,064	4,624
216,074	12,885	212,000	4,084	3,538
217,074	12,883	213,000	4,101	4,259
218,074	12,882	214,000	4,122	4,036
219,074	12,880	215,000	4,147	3,302
220,074	12,879	216,000	4,168	3,143
221,074	12,878	217,000	4,187	3,482
222,074	12,876	218,000	4,206	2,933
223,073	12,875	219,000	4,228	3,287
224,073	12,873	220,000	4,251	4,343
225,074	12,872	221,000	4,274	2,233
226,073	12,871	222,000	4,292	3,289
227,073	12,870	223,000	4,311	4,386
228,074	12,869	224,000	4,333	4,010
229,073	12,868	225,000	4,356	3,340
230,073	12,868	226,000	4,377	2,682
231,074	12,867	227,000	4,397	3,754
232,073	12,866	228,000	4,416	3,773
233,073	12,865	229,000	4,440	3,336
234,073	12,864	230,000	4,462	3,055
235,073	12,864	231,000	4,482	3,926
