Temps (s)	Extensiometre (mm)	No image	Deplacement DDS (mm)	Force DDS (N)
485,110	9,808	1,000	0,000	1,335
486,110	9,808	2,000	0,002	1,333
487,109	9,808	3,000	0,001	1,269
488,110	9,808	4,000	0,001	1,340
489,110	9,808	5,000	0,000	1,238
490,109	9,808	6,000	0,001	1,210
491,110	9,809	7,000	0,008	7,742
492,110	9,818	8,000	0,028	29,854
493,109	9,827	9,000	0,047	50,911
494,110	9,835	10,000	0,067	69,588
495,109	9,844	11,000	0,087	89,561
496,109	9,852	12,000	0,109	110,661
497,109	9,860	13,000	0,131	129,843
498,109	9,868	14,000	0,149	149,233
499,109	9,875	15,000	0,168	166,573
500,109	9,882	16,000	0,191	184,277
501,109	9,889	17,000	0,212	200,818
502,109	9,895	18,000	0,232	217,831
503,109	9,900	19,000	0,253	230,160
504,109	9,905	20,000	0,271	243,051
505,109	9,911	21,000	0,293	258,759
506,109	9,917	22,000	0,316	271,651
507,109	9,923	23,000	0,336	286,332
508,109	9,927	24,000	0,354	296,166
509,108	9,931	25,000	0,374	305,958
510,109	9,934	26,000	0,398	312,292
511,109	9,937	27,000	0,420	321,874
512,108	9,943	28,000	0,440	332,630
513,109	9,947	29,000	0,457	342,545
514,109	9,952	30,000	0,479	352,915
515,108	9,958	31,000	0,501	363,305
516,109	9,965	32,000	0,522	376,695
517,109	9,971	33,000	0,541	389,423
518,108	9,977	34,000	0,559	403,648
519,109	9,984	35,000	0,582	415,794
520,108	9,991	36,000	0,602	428,238
521,108	9,998	37,000	0,624	442,499
522,109	10,004	38,000	0,644	451,949
523,108	10,010	39,000	0,664	463,186
524,108	10,017	40,000	0,687	472,697
525,109	10,024	41,000	0,708	483,562
526,108	10,031	42,000	0,729	493,662
527,108	10,038	43,000	0,745	502,299
528,108	10,045	44,000	0,768	509,999
529,108	10,052	45,000	0,792	517,984
530,108	10,059	46,000	0,813	525,576
531,108	10,066	47,000	0,831	531,322
532,108	10,071	48,000	0,849	535,229
533,108	10,077	49,000	0,871	539,714
534,108	10,084	50,000	0,895	542,938
535,108	10,090	51,000	0,915	543,264
536,108	10,096	52,000	0,934	543,413
537,108	10,101	53,000	0,954	540,277
538,108	10,106	54,000	0,977	537,630
539,108	10,113	55,000	0,998	531,120
540,108	10,119	56,000	1,019	525,142
541,108	10,127	57,000	1,037	515,529
542,107	10,134	58,000	1,059	504,873
543,107	10,141	59,000	1,081	494,197
544,108	10,146	60,000	1,102	486,236
545,107	10,150	61,000	1,124	476,149
546,107	10,152	62,000	1,141	467,402
547,108	10,152	63,000	1,164	459,960
548,107	10,152	64,000	1,186	454,592
549,107	10,151	65,000	1,210	448,345
550,108	10,148	66,000	1,230	441,265
551,107	10,145	67,000	1,247	435,992
552,107	10,143	68,000	1,269	431,848
553,107	10,141	69,000	1,293	426,971
554,107	10,141	70,000	1,316	422,283
555,107	10,141	71,000	1,334	417,920
556,107	10,142	72,000	1,354	413,136
557,107	10,144	73,000	1,376	410,306
558,107	10,146	74,000	1,399	408,463
559,107	10,150	75,000	1,422	403,747
560,107	10,153	76,000	1,439	399,695
561,107	10,157	77,000	1,460	396,198
562,107	10,162	78,000	1,484	394,799
563,107	10,169	79,000	1,505	393,096
564,107	10,175	80,000	1,526	390,279
565,107	10,179	81,000	1,544	386,759
566,107	10,183	82,000	1,567	384,585
567,107	10,188	83,000	1,590	381,630
568,107	10,192	84,000	1,614	380,825
569,107	10,195	85,000	1,633	377,922
570,106	10,197	86,000	1,652	375,075
571,107	10,198	87,000	1,674	373,180
572,107	10,201	88,000	1,696	371,854
573,106	10,203	89,000	1,718	370,448
574,107	10,204	90,000	1,739	368,713
575,107	10,205	91,000	1,759	366,278
576,106	10,206	92,000	1,781	363,951
577,107	10,207	93,000	1,805	362,391
578,106	10,208	94,000	1,826	360,267
579,106	10,208	95,000	1,845	358,854
580,107	10,207	96,000	1,867	354,959
581,106	10,207	97,000	1,891	353,992
582,106	10,208	98,000	1,915	352,664
583,107	10,208	99,000	1,937	349,820
584,106	10,207	100,000	1,955	347,527
585,106	10,206	101,000	1,977	346,159
586,106	10,206	102,000	2,001	344,612
587,106	10,206	103,000	2,025	344,457
588,106	10,206	104,000	2,044	342,217
589,105	10,205	105,000	2,065	338,510
590,106	10,204	106,000	2,086	338,055
591,106	10,205	107,000	2,112	337,669
592,105	10,206	108,000	2,134	335,869
593,106	10,206	109,000	2,154	332,786
594,106	10,204	110,000	2,174	332,102
595,105	10,204	111,000	2,200	328,931
596,106	10,204	112,000	2,221	329,999
597,106	10,203	113,000	2,244	328,235
598,105	10,202	114,000	2,264	326,484
599,106	10,201	115,000	2,286	324,596
600,106	10,200	116,000	2,311	323,786
601,105	10,200	117,000	2,335	323,580
602,106	10,199	118,000	2,354	322,125
603,105	10,197	119,000	2,378	321,246
604,105	10,196	120,000	2,397	319,674
605,106	10,195	121,000	2,423	318,997
606,105	10,195	122,000	2,446	317,291
607,105	10,194	123,000	2,473	317,395
608,106	10,193	124,000	2,490	315,938
609,105	10,192	125,000	2,513	315,638
610,105	10,192	126,000	2,543	315,359
611,106	10,192	127,000	2,564	314,538
612,105	10,191	128,000	2,587	314,045
613,105	10,189	129,000	2,609	312,301
614,106	10,188	130,000	2,632	311,327
615,105	10,188	131,000	2,659	311,490
616,105	10,187	132,000	2,681	310,283
617,105	10,186	133,000	2,703	310,464
618,105	10,185	134,000	2,727	309,564
619,105	10,184	135,000	2,752	307,981
620,105	10,184	136,000	2,775	307,911
621,105	10,184	137,000	2,800	307,271
622,105	10,182	138,000	2,824	306,097
623,105	10,182	139,000	2,850	305,807
624,105	10,181	140,000	2,878	305,192
625,105	10,181	141,000	2,904	305,164
626,105	10,180	142,000	2,928	304,837
627,105	10,179	143,000	2,952	303,379
628,104	10,178	144,000	2,979	301,706
629,104	10,178	145,000	3,004	301,027
630,105	10,178	146,000	3,035	300,553
631,104	10,177	147,000	3,054	299,023
632,104	10,176	148,000	3,082	296,282
633,105	10,175	149,000	3,112	294,121
634,104	10,174	150,000	3,140	293,225
635,104	10,173	151,000	3,161	290,867
636,105	10,171	152,000	3,188	288,950
637,104	10,170	153,000	3,213	287,285
638,104	10,170	154,000	3,246	285,649
639,104	10,169	155,000	3,275	283,994
640,104	10,169	156,000	3,304	282,346
641,104	10,168	157,000	3,329	279,789
642,104	10,168	158,000	3,359	277,922
643,104	10,168	159,000	3,394	276,455
644,104	10,169	160,000	3,423	276,272
645,104	10,168	161,000	3,456	275,418
646,104	10,167	162,000	3,481	271,929
647,104	10,166	163,000	3,516	271,370
648,104	10,166	164,000	3,553	270,526
649,104	10,166	165,000	3,591	269,503
650,104	10,165	166,000	3,625	267,778
651,104	10,164	167,000	3,654	265,583
652,104	10,164	168,000	3,694	264,744
653,103	10,163	169,000	3,738	262,651
654,104	10,163	170,000	3,766	262,339
655,104	10,162	171,000	3,796	259,373
656,103	10,161	172,000	3,827	258,062
657,104	10,161	173,000	3,865	257,163
658,104	10,160	174,000	3,899	254,533
659,103	10,159	175,000	3,929	253,808
660,104	10,157	176,000	3,956	250,078
661,104	10,156	177,000	3,987	249,252
662,103	10,156	178,000	4,023	247,004
663,104	10,155	179,000	4,057	245,000
664,104	10,154	180,000	4,081	242,482
665,103	10,152	181,000	4,108	239,944
666,104	10,151	182,000	4,138	238,540
667,103	10,150	183,000	4,173	235,510
668,103	10,149	184,000	4,202	232,425
669,104	10,146	185,000	4,226	227,770
670,103	10,144	186,000	4,255	226,563
671,103	10,143	187,000	4,286	222,791
672,103	10,142	188,000	4,311	221,466
673,103	10,140	189,000	4,337	217,909
674,103	10,139	190,000	4,360	213,847
675,103	10,136	191,000	4,384	210,458
676,103	10,135	192,000	4,412	207,679
677,103	10,134	193,000	4,436	205,669
678,103	10,133	194,000	4,457	202,730
679,103	10,131	195,000	4,478	199,131
680,103	10,130	196,000	4,499	196,817
681,102	10,128	197,000	4,521	194,100
682,103	10,127	198,000	4,542	189,296
683,103	10,126	199,000	4,562	184,383
684,102	10,123	200,000	4,580	178,814
685,103	10,121	201,000	4,599	175,510
686,103	10,119	202,000	4,620	170,141
687,102	10,117	203,000	4,637	163,676
688,103	10,113	204,000	4,651	156,369
689,102	10,110	205,000	4,672	151,558
690,102	10,107	206,000	4,684	144,523
691,103	10,104	207,000	4,704	137,322
692,102	10,100	208,000	4,716	131,375
693,102	10,096	209,000	4,726	125,651
694,103	10,094	210,000	4,739	118,994
695,102	10,090	211,000	4,755	114,193
696,102	10,082	212,000	4,770	105,160
697,103	10,072	213,000	4,780	92,440
698,102	10,069	214,000	4,788	85,759
699,102	10,067	215,000	4,799	83,774
700,102	10,065	216,000	4,812	83,500
701,102	10,064	217,000	4,825	81,144
702,102	10,063	218,000	4,833	78,992
703,102	10,062	219,000	4,847	78,825
704,102	10,061	220,000	4,860	77,126
705,102	10,061	221,000	4,869	76,216
706,102	10,061	222,000	4,881	72,862
707,102	10,060	223,000	4,887	68,957
708,102	10,058	224,000	4,894	67,967
709,102	10,057	225,000	4,904	67,836
710,102	10,055	226,000	4,918	66,379
711,102	10,054	227,000	4,925	64,980
